           8             2     float     sum      -1     9.52    0.00    0.00       0     9.04    0.00    0.00       0
          32             8     float     sum      -1     9.50    0.00    0.00       0     9.44    0.00    0.00       0
         128            32     float     sum      -1     9.52    0.01    0.01       0    10.16    0.01    0.01       0
         512           128     float     sum      -1    11.89    0.04    0.04       0    11.08    0.05    0.05       0
        2048           512     float     sum      -1     9.89    0.21    0.21       0     9.59    0.21    0.21       0
        8192          2048     float     sum      -1    11.54    0.71    0.71       0    10.92    0.75    0.75       0
       32768          8192     float     sum      -1    16.07    2.04    2.04       0    15.52    2.11    2.11       0
      131072         32768     float     sum      -1    17.63    7.44    7.44       0    16.97    7.72    7.72       0
      524288        131072     float     sum      -1    23.63   22.18   22.18       0    23.39   22.42   22.42       0
     2097152        524288     float     sum      -1    49.53   42.34   42.34       0    49.25   42.59   42.59       0
# Out of bounds values : 0 OK
# Avg bus bandwidth    : 7.54198 
