           8             2     float     sum      -1    11.59    0.00    0.00       0    11.37    0.00    0.00       0
          32             8     float     sum      -1     5.04    0.01    0.01       0     4.80    0.01    0.01       0
         128            32     float     sum      -1     5.03    0.03    0.04       0     4.85    0.03    0.04       0
         512           128     float     sum      -1     4.92    0.10    0.16       0     4.95    0.10    0.16       0
        2048           512     float     sum      -1     5.15    0.40    0.60       0     5.29    0.39    0.58       0
        8192          2048     float     sum      -1     5.52    1.48    2.23       0     5.48    1.49    2.24       0
       32768          8192     float     sum      -1     6.11    5.36    8.04       0     6.02    5.44    8.16       0
      131072         32768     float     sum      -1     7.34   17.85   26.77       0     7.32   17.91   26.86       0
      524288        131072     float     sum      -1    12.81   40.92   61.38       0    12.80   40.97   61.45       0
     2097152        524288     float     sum      -1    24.72   84.83  127.24       0    24.69   84.95  127.42       0
# Out of bounds values : 0 OK
# Avg bus bandwidth    : 22.6691 
