           8             2     float     sum      -1    12.20    0.00    0.00       0    11.22    0.00    0.00       0
          32             8     float     sum      -1    11.90    0.00    0.00       0    11.97    0.00    0.00       0
         128            32     float     sum      -1    14.93    0.01    0.01       0    15.42    0.01    0.01       0
         512           128     float     sum      -1    15.53    0.03    0.05       0    15.06    0.03    0.05       0
        2048           512     float     sum      -1    15.29    0.13    0.20       0    14.79    0.14    0.21       0
        8192          2048     float     sum      -1    19.83    0.41    0.62       0    19.29    0.42    0.64       0
       32768          8192     float     sum      -1    22.00    1.49    2.23       0    20.78    1.58    2.37       0
      131072         32768     float     sum      -1    28.10    4.66    7.00       0    27.18    4.82    7.23       0
      524288        131072     float     sum      -1    30.22   17.35   26.02       0    29.70   17.66   26.48       0
     2097152        524288     float     sum      -1    43.03   48.74   73.11       0    42.76   49.05   73.57       0
# Out of bounds values : 0 OK
# Avg bus bandwidth    : 10.9907 
