           8             2     float     sum      -1     8.85    0.00    0.00       0     8.67    0.00    0.00       0
          32             8     float     sum      -1     4.56    0.01    0.01       0     4.34    0.01    0.01       0
         128            32     float     sum      -1     4.37    0.03    0.03       0     4.29    0.03    0.03       0
         512           128     float     sum      -1     4.47    0.11    0.11       0     4.46    0.11    0.11       0
        2048           512     float     sum      -1     5.58    0.37    0.37       0     4.43    0.46    0.46       0
        8192          2048     float     sum      -1     4.67    1.75    1.75       0     4.60    1.78    1.78       0
       32768          8192     float     sum      -1     5.73    5.72    5.72       0     5.29    6.20    6.20       0
      131072         32768     float     sum      -1     7.29   17.97   17.97       0     6.95   18.87   18.87       0
      524288        131072     float     sum      -1    15.01   34.92   34.92       0    15.00   34.96   34.96       0
     2097152        524288     float     sum      -1    40.60   51.65   51.65       0    40.32   52.01   52.01       0
# Out of bounds values : 0 OK
# Avg bus bandwidth    : 11.349 
